# Created by Octave 3.6.3, Sat Feb 02 14:52:13 2013 CET <sinisa@slave>
# name: cs
# type: matrix
# rows: 4
# columns: 5
 82.42154164718799 12.32816322572165 43.30313445126042 338.6800263640026 12.88565107869136
 90.95577982073141 57.00660321919698 43.23510787013636 362.874851940977 25.88813711869765
 79.29341821439533 27.83840295116989 42.60099145548817 365.7406410078783 13.96822177955156
 86.57093596928479 59.42388169369028 47.63620709861357 326.6268627463777 7.239298701070659


