# Created by Octave 3.6.3, Wed Feb 06 01:23:56 2013 CET <sinisa@mike>
# name: b_coef
# type: matrix
# rows: 4
# columns: 1
 0.3693137395495981
 0.3790303528753693
 0.07372566335624585
 0.1779302442187865


# name: b_cent
# type: matrix
# rows: 4
# columns: 5
 -0.02572191232488895 -0.02145396942607606 -0.03893732834322204 -0.03619483627358516 0.06984370726204336
 0.009745877891107538 -0.00773092845579447 0.003384009304845685 -0.01473958406472217 -0.05860801775400037
 0.1911214940427148 0.2189486847231467 0.2708357019341192 0.3369595382509255 -0.06265952988767141
 -0.04656367934179643 -0.02972307955755739 -0.03861116314572791 -0.03309479746822676 0.00584269610147177


# name: b_sigm
# type: matrix
# ndims: 3
 5 5 4
 0.2028740421538183
 0.02299186563341317
 0.1495628497777204
 0.1061462013901859
 0.02072172728303301
 0.02299186563341317
 0.006270423289841839
 0.02069030091825074
 0.01330696469811957
 0.002514353679547532
 0.1495628497777204
 0.02069030091825074
 0.1549245002441328
 0.109713970013161
 -0.007435889334869446
 0.1061462013901859
 0.01330696469811957
 0.109713970013161
 0.08320268982496029
 -0.01046463370186997
 0.02072172728303301
 0.002514353679547532
 -0.007435889334869446
 -0.01046463370186997
 0.2243030925369376
 0.2281934279337882
 0.02677648055164552
 0.1691047181009093
 0.1179797756408379
 0.0393766851555816
 0.02677648055164552
 0.006656074540795274
 0.02187470074235344
 0.01409522643746588
 0.007196704890876464
 0.1691047181009093
 0.02187470074235344
 0.1689500067459152
 0.1198146445275312
 0.03838717290786969
 0.1179797756408379
 0.01409522643746588
 0.1198146445275312
 0.09032155874888068
 0.02210501624037682
 0.0393766851555816
 0.007196704890876464
 0.03838717290786969
 0.02210501624037682
 0.1920686518922441
 0.2777914617085988
 -0.0577713433480037
 0.2911969570075292
 0.2221962581644792
 0.03516137546321514
 -0.0577713433480037
 0.3556111355071865
 -0.157057786528388
 0.02454601390230389
 -0.02413793625607311
 0.2911969570075292
 -0.157057786528388
 0.3667919856259005
 0.2387376834472599
 0.03806998759766442
 0.2221962581644792
 0.02454601390230389
 0.2387376834472599
 0.2500926712613708
 0.02235473445629524
 0.03516137546321514
 -0.02413793625607311
 0.03806998759766442
 0.02235473445629524
 0.1370113532387854
 0.2223358057529586
 0.02406483733217703
 0.1658860756817377
 0.1244315031211716
 0.02175818490161052
 0.02406483733217703
 0.00772652105862701
 0.02061417495708861
 0.01563757460202152
 0.003248493143175863
 0.1658860756817377
 0.02061417495708861
 0.1722089021372595
 0.1279491244240265
 0.003400320154677929
 0.1244315031211716
 0.01563757460202152
 0.1279491244240265
 0.1033359941148382
 -0.002686340695020408
 0.02175818490161052
 0.003248493143175863
 0.003400320154677929
 -0.002686340695020408
 0.1786784211857597


