# Created by Octave 3.6.3, Wed Feb 06 14:36:01 2013 CET <sinisa@mike>
# name: b_L
# type: scalar
398.5747097943334


# name: b_coef
# type: matrix
# rows: 4
# columns: 1
 0.2418641397692976
 0.2399117225788794
 0.3955955434154405
 0.1226285942363821


# name: b_cent
# type: matrix
# rows: 4
# columns: 5
 -0.1218539022463352 -0.01706944381576024 -0.007712334697470233 -0.01555099696229134 -0.0659350057366188
 0.105055564665648 -0.01115069367720555 -0.01155337532080677 -0.009289095703997158 -0.02340958298690933
 -0.07169867130148762 -0.02165055557405586 -0.07434673650981459 -0.07720820345317633 0.07239743658120795
 0.2661019054959138 0.1253258415474214 0.2776543693974322 0.2979159378207719 -0.05770722960562714


# name: b_sigm
# type: matrix
# ndims: 3
 5 5 4
 0.2369650032280154
 0.02629546078677296
 0.1607047644320973
 0.1100324731825397
 0.05859886745827688
 0.02629546078677296
 0.006479849148958591
 0.02062296049005264
 0.01364353946866406
 0.006839604907475902
 0.1607047644320973
 0.02062296049005264
 0.1518339674703771
 0.1081567401825346
 0.02967300184214912
 0.1100324731825397
 0.01364353946866406
 0.1081567401825346
 0.08319781093541957
 0.01826525488619531
 0.05859886745827688
 0.006839604907475902
 0.02967300184214912
 0.01826525488619531
 0.170513103338495
 0.1631607724534991
 0.02017179582472134
 0.1349057234921704
 0.0930870474966614
 0.01858838792702848
 0.02017179582472134
 0.006799101477838978
 0.02033964220915161
 0.01287616941076277
 0.00439661232667033
 0.1349057234921704
 0.02033964220915161
 0.1533713075545853
 0.1038579969909021
 0.02408075996178612
 0.0930870474966614
 0.01287616941076277
 0.1038579969909021
 0.07519231743605237
 0.0126413444313633
 0.01858838792702848
 0.00439661232667033
 0.02408075996178612
 0.0126413444313633
 0.1834317964110719
 0.2145280267832019
 0.02805758088629126
 0.1644063581679087
 0.1185548390479464
 0.020748998302371
 0.02805758088629126
 0.007199338493176674
 0.02371231622876354
 0.01681197339968071
 0.002613279393558643
 0.1644063581679087
 0.02371231622876354
 0.1615916153977676
 0.1170913988699381
 0.001303433858696165
 0.1185548390479464
 0.01681197339968071
 0.1170913988699381
 0.09036694787404709
 -0.004296172631916564
 0.020748998302371
 0.002613279393558643
 0.001303433858696165
 -0.004296172631916564
 0.2368072532945324
 0.2163949356622853
 -0.0412219867361232
 0.2239036304375017
 0.16123014754487
 0.0242422387307591
 -0.0412219867361232
 0.2287959556958301
 -0.09230369300954534
 0.01977228741311302
 -0.01255807401794105
 0.2239036304375017
 -0.09230369300954534
 0.2939210407408336
 0.1948212487444735
 0.02675711300936709
 0.16123014754487
 0.01977228741311302
 0.1948212487444735
 0.19316338422888
 0.01431142796849991
 0.0242422387307591
 -0.01255807401794105
 0.02675711300936709
 0.01431142796849991
 0.1495369719785439


# name: b_iter
# type: scalar
3


