   0.30933   0.33436   0.01356   0.34274   van
   0.30938   0.35119   0.01662   0.32281   van
   0.30684   0.32128   0.01710   0.35478   van
   0.17550   0.61550   0.04259   0.16642   saab
   0.31963   0.33795   0.02016   0.32225   opel
   0.25012   0.27901   0.04816   0.42271   bus
   0.36262   0.28131   0.01384   0.34223   van
   0.20368   0.22891   0.27985   0.28756   opel
   0.36573   0.27689   0.01439   0.34298   bus
   0.37947   0.18443   0.10440   0.33170   saab
   0.30178   0.35977   0.03548   0.30297   van
   0.32439   0.33034   0.01175   0.33352   bus
   0.08653   0.09676   0.63721   0.17950   bus
   0.33550   0.29749   0.01576   0.35125   bus
   0.28506   0.30883   0.01656   0.38955   opel
   0.27776   0.42651   0.02776   0.26797   opel
   0.26891   0.27265   0.12616   0.33228   bus
   0.29665   0.30710   0.02768   0.36857   opel
   0.28750   0.32754   0.03176   0.35320   van
   0.27702   0.24014   0.20844   0.27440   saab
   0.24252   0.48425   0.02994   0.24328   opel
   0.35815   0.29219   0.01028   0.33938   bus
   0.28586   0.37251   0.02993   0.31170   van
   0.29640   0.29900   0.02901   0.37560   saab
   0.54296   0.16647   0.01628   0.27430   van
   0.34419   0.31039   0.03921   0.30620   opel
   0.22076   0.52841   0.02809   0.22274   saab
   0.27370   0.31879   0.01730   0.39021   saab
   0.38207   0.25863   0.01560   0.34370   opel
   0.00000   0.00000   1.00000   0.00000   van
   0.28971   0.30551   0.03637   0.36841   saab
   0.36177   0.28322   0.01684   0.33817   saab
   0.30581   0.35626   0.02469   0.31324   opel
   0.27959   0.25780   0.06364   0.39897   bus
   0.27215   0.44457   0.02329   0.25999   saab
   0.27444   0.37210   0.07480   0.27866   van
   0.32112   0.33331   0.02401   0.32156   van
   0.35844   0.28755   0.01042   0.34360   van
   0.28515   0.32049   0.05582   0.33854   bus
   0.33154   0.35079   0.02102   0.29665   saab
   0.31491   0.34705   0.02475   0.31329   van
   0.33717   0.31093   0.01106   0.34084   bus
   0.28682   0.26783   0.04703   0.39832   saab
   0.49400   0.18292   0.01117   0.31191   opel
   0.10121   0.16545   0.54890   0.18444   bus
   0.27070   0.36590   0.02460   0.33881   van
   0.28864   0.29562   0.02075   0.39499   saab
   0.33109   0.32291   0.01703   0.32898   van
   0.31793   0.31748   0.01374   0.35085   van
   0.36979   0.27709   0.01349   0.33964   opel
   0.37232   0.26504   0.01792   0.34473   saab
   0.28024   0.37093   0.01802   0.33082   opel
   0.27900   0.34026   0.01945   0.36129   van
   0.30070   0.34763   0.01346   0.33820   van
   0.35310   0.28560   0.01476   0.34654   opel
   0.34411   0.29418   0.02193   0.33978   van
   0.30517   0.27970   0.02606   0.38907   saab
   0.28574   0.34572   0.01460   0.35393   van
   0.32312   0.30608   0.02831   0.34249   opel
   0.25907   0.32567   0.02364   0.39163   opel
   0.43456   0.22821   0.01322   0.32401   saab
   0.30254   0.35372   0.02277   0.32097   van
   0.26319   0.43612   0.02716   0.27353   saab
   0.18924   0.57675   0.05447   0.17955   saab
   0.30413   0.37089   0.02627   0.29872   van
   0.29671   0.32508   0.02632   0.35189   van
   0.27216   0.32302   0.02193   0.38289   bus
   0.30043   0.37945   0.02372   0.29641   van
   0.38438   0.26950   0.01628   0.32984   saab
   0.23565   0.51285   0.01687   0.23463   opel
   0.27850   0.36884   0.02177   0.33089   saab
   0.48714   0.18986   0.00774   0.31526   van
   0.31112   0.34860   0.01215   0.32813   bus
   0.39363   0.32945   0.03950   0.23741   saab
   0.28531   0.35039   0.02972   0.33457   saab
   0.42656   0.22920   0.01215   0.33209   bus
   0.35361   0.30495   0.02029   0.32114   van
   0.31375   0.31116   0.02005   0.35505   bus
   0.29797   0.26203   0.02601   0.41399   saab
   0.22913   0.48183   0.02858   0.26046   van
   0.33179   0.29839   0.02032   0.34950   bus
   0.32278   0.31846   0.01645   0.34231   saab
   0.35536   0.28933   0.01421   0.34110   bus
   0.43563   0.22126   0.01822   0.32489   van
   0.49652   0.19035   0.01019   0.30293   saab
   0.34577   0.32237   0.02208   0.30978   opel
   0.41134   0.24892   0.01006   0.32967   saab
   0.27110   0.31913   0.11527   0.29450   opel
   0.30151   0.37250   0.01809   0.30789   opel
   0.25275   0.43792   0.03546   0.27387   van
   0.24491   0.49284   0.02023   0.24201   saab
   0.26458   0.29980   0.08459   0.35103   opel
   0.32664   0.29909   0.03370   0.34056   saab
   0.36846   0.33235   0.02193   0.27725   saab
   0.33213   0.32112   0.01103   0.33571   bus
   0.20108   0.56926   0.03329   0.19637   saab
   0.38438   0.26950   0.01628   0.32984   opel
   0.35612   0.28286   0.05526   0.30576   van
   0.41389   0.22025   0.05694   0.30892   opel
   0.27543   0.35890   0.03252   0.33316   opel
   0.39140   0.26238   0.01009   0.33613   van
   0.32041   0.31211   0.02902   0.33846   opel
   0.34750   0.29913   0.01097   0.34239   bus
   0.34632   0.28734   0.01281   0.35353   opel
   0.27097   0.43826   0.02015   0.27062   saab
   0.33516   0.29661   0.02591   0.34233   saab
   0.30764   0.29598   0.02068   0.37570   saab
   0.26325   0.26377   0.07168   0.40130   saab
   0.46932   0.20084   0.01177   0.31807   opel
   0.30773   0.32807   0.01198   0.35222   van
   0.19547   0.59590   0.02512   0.18351   opel
   0.27293   0.45607   0.02431   0.24670   opel
   0.30096   0.34771   0.02861   0.32272   saab
   0.33412   0.38283   0.02828   0.25476   saab
   0.31713   0.31205   0.04445   0.32637   bus
   0.34478   0.33596   0.01228   0.30698   opel
   0.26284   0.43438   0.01739   0.28539   van
   0.31731   0.36355   0.02968   0.28945   saab
   0.32506   0.32227   0.01126   0.34141   bus
   0.18843   0.57669   0.05526   0.17961   opel
   0.30925   0.34800   0.02867   0.31408   van
   0.29035   0.34948   0.01347   0.34670   van
   0.24083   0.50358   0.01950   0.23610   opel
   0.38237   0.26498   0.01333   0.33932   opel
   0.24736   0.50463   0.04199   0.20603   opel
   0.30202   0.34204   0.01988   0.33606   van
   0.33508   0.31430   0.01244   0.33818   van
   0.29403   0.31820   0.01405   0.37373   saab
   0.29484   0.33948   0.01912   0.34656   opel
   0.36795   0.26718   0.03789   0.32698   van
   0.31746   0.33882   0.01218   0.33154   bus
   0.43776   0.22607   0.02208   0.31409   opel
   0.36649   0.28739   0.01046   0.33567   bus
   0.43522   0.22756   0.00966   0.32756   saab
   0.30246   0.31770   0.01477   0.36508   saab
   0.29869   0.30883   0.01701   0.37547   saab
   0.22351   0.18726   0.22565   0.36358   bus
   0.29342   0.32038   0.02880   0.35740   opel
   0.31335   0.33923   0.01204   0.33538   bus
   0.31421   0.33904   0.01119   0.33556   bus
   0.24144   0.29869   0.12031   0.33956   bus
   0.30739   0.38256   0.01839   0.29165   saab
   0.46441   0.20527   0.00818   0.32214   van
   0.38996   0.27153   0.01059   0.32791   van
   0.28150   0.29461   0.02709   0.39681   bus
   0.33904   0.28970   0.02181   0.34945   bus
   0.37583   0.27836   0.00887   0.33694   van
   0.00000   0.00000   1.00000   0.00000   van
   0.24637   0.45367   0.03434   0.26561   opel
   0.15263   0.64973   0.05434   0.14330   opel
   0.36515   0.27626   0.02572   0.33287   saab
   0.40316   0.24527   0.02692   0.32465   van
   0.26432   0.38036   0.04824   0.30707   saab
   0.31692   0.32097   0.01369   0.34842   bus
   0.26891   0.30811   0.02580   0.39718   opel
   0.34151   0.29084   0.01915   0.34850   bus
   0.27286   0.28481   0.03963   0.40270   bus
   0.31313   0.31257   0.01479   0.35950   bus
   0.31461   0.31856   0.01378   0.35304   bus
   0.17492   0.16781   0.38175   0.27552   bus
   0.30274   0.26968   0.13616   0.29141   van
   0.25767   0.25410   0.23062   0.25761   van
   0.26933   0.45204   0.02162   0.25701   saab
   0.30231   0.32265   0.03308   0.34197   bus
   0.28566   0.36189   0.01483   0.33762   van
   0.30285   0.33620   0.02535   0.33560   van
   0.30902   0.31989   0.01383   0.35726   bus
   0.35310   0.29316   0.01708   0.33665   van
   0.24314   0.49137   0.03537   0.23012   saab
   0.35261   0.28943   0.01319   0.34477   saab
   0.18313   0.54885   0.08164   0.18638   opel
   0.31461   0.28988   0.02229   0.37321   bus
   0.12932   0.64966   0.09916   0.12185   opel
   0.31886   0.33450   0.01150   0.33514   bus
   0.34760   0.26727   0.01450   0.37063   opel
   0.33126   0.32519   0.01538   0.32818   van
   0.41821   0.26632   0.01813   0.29734   opel
   0.12449   0.29207   0.40499   0.17844   bus
   0.32805   0.32345   0.01183   0.33668   bus
   0.27798   0.28984   0.02483   0.40735   bus
   0.25806   0.46930   0.01842   0.25421   opel
   0.33871   0.30727   0.01177   0.34225   van
   0.29989   0.41463   0.03368   0.25181   opel
   0.32392   0.29640   0.01398   0.36570   saab
   0.29384   0.30755   0.01960   0.37901   opel
   0.34924   0.29103   0.01876   0.34098   van
   0.09735   0.15325   0.58970   0.15970   bus
   0.33386   0.33509   0.03296   0.29810   van
   0.49710   0.18437   0.01382   0.30471   opel
   0.43031   0.21667   0.04904   0.30398   saab
   0.24751   0.34476   0.03267   0.37507   saab
   0.40000   0.24158   0.02293   0.33550   van
   0.29577   0.35389   0.01606   0.33429   saab
   0.41624   0.24681   0.02293   0.31401   saab
   0.30650   0.35545   0.01180   0.32626   bus
   0.06254   0.06085   0.75420   0.12241   bus
   0.22631   0.49451   0.03952   0.23967   opel
   0.22606   0.21756   0.24446   0.31192   opel
   0.27517   0.28837   0.02919   0.40727   bus
   0.48549   0.18842   0.01894   0.30716   saab
   0.29645   0.28739   0.03023   0.38592   saab
   0.31215   0.35122   0.01015   0.32648   bus
   0.33092   0.32082   0.01032   0.33794   van
   0.37732   0.22434   0.04270   0.35564   saab
   0.31710   0.36787   0.03264   0.28239   opel
   0.43013   0.23681   0.02191   0.31115   van
   0.28350   0.34994   0.01482   0.35173   saab
   0.31451   0.33147   0.01266   0.34136   bus
   0.24239   0.48495   0.02650   0.24616   saab
   0.03058   0.03726   0.87022   0.06193   bus
   0.31009   0.34091   0.01237   0.33663   van
   0.59826   0.13196   0.03501   0.23477   saab
   0.30005   0.36103   0.01991   0.31901   bus
   0.21009   0.52490   0.04746   0.21755   saab
   0.41839   0.23904   0.00935   0.33322   bus
   0.27912   0.33257   0.02428   0.36402   bus
   0.00000   0.00000   1.00000   0.00000   bus
   0.37085   0.27016   0.01447   0.34452   opel
   0.31228   0.33648   0.01165   0.33958   bus
   0.27723   0.31736   0.01805   0.38735   opel
   0.23404   0.48153   0.02285   0.26158   van
   0.26674   0.44319   0.01493   0.27514   opel
   0.55313   0.15492   0.01009   0.28186   van
   0.30129   0.36113   0.01602   0.32156   opel
   0.25556   0.47043   0.02033   0.25369   saab
   0.27134   0.30549   0.02818   0.39498   opel
   0.65188   0.10357   0.01002   0.23452   opel
   0.23377   0.25269   0.24794   0.26560   bus
   0.26675   0.32331   0.07715   0.33279   bus
   0.39757   0.25793   0.01076   0.33375   bus
   0.29158   0.33878   0.02584   0.34379   opel
   0.42514   0.22961   0.01261   0.33264   opel
   0.38270   0.27015   0.02361   0.32354   opel
   0.47986   0.19985   0.01131   0.30898   van
   0.58701   0.16435   0.01952   0.22912   saab
   0.41614   0.28966   0.01764   0.27656   opel
   0.28643   0.39998   0.01864   0.29495   van
   0.28725   0.34026   0.07664   0.29585   van
   0.33524   0.30650   0.01381   0.34445   van
   0.33037   0.32423   0.01158   0.33382   van
   0.38795   0.27099   0.02632   0.31474   saab
   0.33685   0.27684   0.01523   0.37108   opel
   0.34787   0.35303   0.01953   0.27958   opel
   0.30070   0.30521   0.03372   0.36037   van
   0.30305   0.36437   0.01087   0.32171   bus
   0.26529   0.45061   0.01486   0.26923   opel
   0.26966   0.43959   0.01600   0.27475   opel
   0.39914   0.25819   0.02208   0.32058   opel
   0.26484   0.32591   0.02196   0.38728   opel
   0.31861   0.41242   0.05186   0.21711   saab
   0.30205   0.31478   0.02855   0.35463   bus
   0.24860   0.49089   0.02477   0.23575   opel
   0.28084   0.42599   0.06457   0.22860   saab
   0.61172   0.12733   0.01474   0.24621   saab
   0.28396   0.35414   0.01655   0.34535   opel
   0.31936   0.33834   0.01061   0.33169   bus
   0.43279   0.23012   0.00830   0.32879   van
   0.42529   0.22731   0.01552   0.33187   bus
   0.37491   0.29652   0.01996   0.30862   opel
   0.35827   0.29300   0.01291   0.33582   bus
   0.32426   0.31850   0.02268   0.33456   opel
   0.29622   0.35491   0.02921   0.31966   saab
   0.33600   0.29371   0.01941   0.35089   bus
   0.28514   0.34938   0.04529   0.32019   bus
   0.27581   0.29942   0.02016   0.40461   bus
   0.31569   0.32082   0.02802   0.33547   saab
   0.40823   0.23970   0.02423   0.32784   van
   0.23115   0.23549   0.11741   0.41595   opel
   0.26509   0.27431   0.15238   0.30822   opel
   0.51927   0.17027   0.01157   0.29889   saab
   0.39006   0.26240   0.01243   0.33512   saab
   0.14403   0.53300   0.18241   0.14056   opel
   0.29933   0.35741   0.01712   0.32614   van
   0.46803   0.20505   0.01286   0.31406   van
   0.30365   0.27793   0.05555   0.36287   opel
   0.31559   0.28107   0.04102   0.36233   bus
   0.31417   0.29057   0.08845   0.30681   van
   0.36072   0.26756   0.04535   0.32637   van
   0.28884   0.39779   0.02324   0.29013   saab
   0.26401   0.45662   0.01885   0.26052   saab
   0.30558   0.33011   0.02133   0.34298   bus
   0.05377   0.07049   0.76450   0.11125   bus
   0.31006   0.40406   0.01732   0.26855   opel
   0.30072   0.39532   0.02640   0.27756   saab
   0.34317   0.29916   0.01447   0.34320   bus
   0.26864   0.34717   0.02021   0.36398   saab
   0.29774   0.27779   0.05815   0.36632   opel
   0.29545   0.34205   0.02675   0.33574   van
   0.36586   0.27945   0.01230   0.34238   bus
   0.64599   0.12287   0.01538   0.21575   saab
   0.27277   0.28016   0.07337   0.37370   opel
   0.32096   0.31780   0.01332   0.34792   van
   0.31854   0.32843   0.01209   0.34094   bus
   0.29290   0.32133   0.01915   0.36662   opel
   0.32283   0.29710   0.02604   0.35404   saab
   0.51103   0.18854   0.03814   0.26229   saab
   0.41847   0.21955   0.04062   0.32136   saab
   0.25852   0.42867   0.03609   0.27672   van
   0.64340   0.09545   0.02207   0.23908   opel
   0.31157   0.33026   0.02211   0.33605   van
   0.28598   0.40722   0.02409   0.28271   saab
   0.26547   0.42122   0.01678   0.29652   van
   0.31853   0.28052   0.04154   0.35940   opel
   0.26168   0.36974   0.02824   0.34034   van
   0.32541   0.32564   0.01321   0.33574   bus
   0.29615   0.34986   0.02324   0.33075   saab
   0.35008   0.33619   0.03469   0.27903   saab
   0.33940   0.28897   0.04472   0.32692   opel
   0.32576   0.29894   0.02947   0.34583   opel
   0.25540   0.30232   0.03503   0.40726   opel
   0.32002   0.32936   0.01597   0.33465   bus
   0.20956   0.21108   0.27077   0.30859   saab
   0.28515   0.30534   0.03596   0.37355   bus
   0.29004   0.34582   0.02387   0.34027   van
   0.37665   0.31790   0.01689   0.28856   opel
   0.44125   0.22848   0.01071   0.31956   van
   0.57586   0.16501   0.01715   0.24199   saab
   0.26947   0.31829   0.02427   0.38797   opel
   0.39680   0.28301   0.02085   0.29933   opel
   0.33643   0.31613   0.01208   0.33536   bus
   0.31956   0.27882   0.04454   0.35708   bus
   0.26581   0.32160   0.02085   0.39174   saab
   0.31085   0.31289   0.01125   0.36501   saab
   0.36668   0.29742   0.01605   0.31984   saab
   0.23356   0.49809   0.07441   0.19394   saab
   0.29004   0.36918   0.01933   0.32144   van
   0.28683   0.35907   0.01480   0.33930   saab
   0.26919   0.27427   0.02933   0.42720   bus
   0.39147   0.32028   0.01861   0.26964   saab
   0.38502   0.29757   0.01568   0.30173   saab
   0.52768   0.16036   0.01151   0.30044   saab
   0.35310   0.28397   0.01463   0.34830   bus
   0.26470   0.45087   0.01876   0.26567   saab
   0.38931   0.24997   0.01689   0.34382   opel
   0.25860   0.36867   0.02477   0.34796   saab
   0.33643   0.30180   0.01385   0.34792   bus
   0.28671   0.31960   0.04479   0.34890   opel
   0.32334   0.33748   0.01345   0.32573   van
   0.00000   0.00000   1.00000   0.00000   van
   0.36311   0.25104   0.06865   0.31720   saab
   0.37344   0.28529   0.01128   0.32999   saab
   0.31147   0.33616   0.01525   0.33711   bus
   0.31535   0.32407   0.01991   0.34067   opel
   0.34737   0.29050   0.02545   0.33667   bus
   0.30977   0.35006   0.01563   0.32454   bus
   0.04477   0.11607   0.76025   0.07891   bus
   0.33992   0.28911   0.04669   0.32428   van
   0.28416   0.29693   0.04221   0.37670   opel
   0.40314   0.24989   0.02073   0.32625   van
   0.00000   0.00000   1.00000   0.00000   van
   0.30111   0.37638   0.02146   0.30105   van
   0.31262   0.32259   0.01400   0.35079   bus
   0.37644   0.25521   0.01502   0.35333   opel
   0.30607   0.30628   0.07132   0.31633   saab
   0.35127   0.30345   0.01082   0.33446   opel
   0.25534   0.28597   0.05149   0.40720   saab
   0.32404   0.31621   0.01382   0.34593   bus
   0.33094   0.36412   0.01323   0.29171   opel
   0.29991   0.35027   0.06314   0.28669   opel
   0.26836   0.32435   0.05485   0.35244   opel
   0.31896   0.33737   0.01372   0.32995   opel
   0.47897   0.18919   0.01232   0.31952   opel
   0.35238   0.31033   0.01573   0.32155   van
   0.27838   0.29977   0.07913   0.34272   bus
   0.23612   0.25072   0.16123   0.35192   bus
   0.32822   0.28310   0.03722   0.35147   saab
   0.28923   0.40379   0.01406   0.29292   opel
   0.31192   0.33713   0.01174   0.33922   bus
   0.34394   0.28377   0.02378   0.34851   opel
   0.45897   0.19577   0.03069   0.31456   van
   0.27773   0.32926   0.02034   0.37266   opel
   0.31111   0.31527   0.03622   0.33740   opel
   0.30228   0.31842   0.03023   0.34908   van
   0.24888   0.45019   0.02342   0.27750   van
   0.30172   0.31920   0.03717   0.34191   opel
   0.40540   0.19467   0.11619   0.28374   saab
   0.26979   0.30336   0.09405   0.33280   bus
   0.29156   0.39175   0.01948   0.29720   van
   0.29154   0.29420   0.04151   0.37275   opel
   0.36684   0.34974   0.03757   0.24585   saab
   0.39059   0.27804   0.01658   0.31480   van
   0.01494   0.01793   0.92712   0.04001   bus
   0.35780   0.28104   0.01821   0.34295   bus
   0.29823   0.36948   0.01476   0.31753   saab
   0.24722   0.48449   0.01535   0.25295   saab
   0.25618   0.43829   0.03153   0.27400   opel
   0.27554   0.32370   0.07791   0.32285   saab
   0.18330   0.17758   0.39758   0.24154   opel
   0.35199   0.34405   0.01608   0.28788   opel
   0.30873   0.36055   0.01050   0.32021   van
   0.27119   0.35503   0.03055   0.34323   van
   0.24420   0.40341   0.04942   0.30298   opel
   0.23842   0.23700   0.19379   0.33079   opel
   0.39621   0.25670   0.03345   0.31365   van
   0.32302   0.24019   0.04268   0.39411   saab
   0.25863   0.44040   0.02241   0.27856   van
   0.35372   0.29552   0.00915   0.34161   van
   0.43455   0.23300   0.00883   0.32363   van
   0.27848   0.42288   0.01665   0.28199   saab
   0.35571   0.29902   0.01653   0.32874   saab
   0.39094   0.26458   0.01419   0.33028   opel
   0.29367   0.36678   0.01654   0.32301   van
   0.24084   0.50875   0.02939   0.22102   opel
   0.31115   0.33693   0.01461   0.33732   bus
   0.27462   0.26814   0.09204   0.36520   saab
   0.17458   0.39238   0.22589   0.20715   bus
   0.29549   0.31252   0.07262   0.31937   saab
   0.26373   0.31186   0.02607   0.39834   saab
   0.30155   0.36257   0.01154   0.32434   bus
   0.31234   0.30000   0.01601   0.37164   saab
   0.11572   0.20116   0.54620   0.13691   opel
   0.29968   0.36603   0.01520   0.31909   bus
   0.00000   0.00000   1.00000   0.00000   van
   0.56612   0.14596   0.01655   0.27137   opel
   0.25753   0.47618   0.01758   0.24871   opel
   0.23512   0.50107   0.02178   0.24202   opel
   0.28873   0.34554   0.02133   0.34440   saab
   0.29385   0.31460   0.01861   0.37295   bus
   0.28012   0.36434   0.02517   0.33037   bus
   0.36784   0.27568   0.01371   0.34277   bus
   0.46323   0.20042   0.02420   0.31215   opel
   0.32425   0.32294   0.01437   0.33844   bus
   0.28450   0.34366   0.01627   0.35557   van
   0.58814   0.13294   0.00646   0.27246   van
   0.28695   0.39768   0.01628   0.29909   saab
   0.35713   0.29616   0.05504   0.29167   van
   0.38993   0.26328   0.02239   0.32440   van
   0.34387   0.28602   0.01520   0.35490   van
   0.30281   0.32676   0.03288   0.33755   bus
   0.32991   0.31306   0.01408   0.34294   bus
   0.30133   0.30637   0.01382   0.37848   opel
   0.34882   0.28017   0.01328   0.35774   saab
   0.28744   0.38676   0.02096   0.30484   opel
   0.33398   0.31777   0.01107   0.33717   van
   0.27833   0.40268   0.01941   0.29958   van
   0.26048   0.33863   0.02872   0.37217   saab
   0.04574   0.04990   0.80112   0.10324   bus
   0.38237   0.26498   0.01333   0.33932   bus
   0.30496   0.31295   0.01286   0.36923   opel
   0.14347   0.13110   0.47708   0.24836   bus
   0.33598   0.30835   0.01978   0.33588   opel
   0.31687   0.28857   0.08116   0.31340   opel
   0.24013   0.50181   0.03177   0.22629   saab
   0.31363   0.33497   0.01746   0.33394   saab
   0.49891   0.17965   0.01176   0.30968   saab
   0.28279   0.36057   0.03209   0.32456   saab
   0.30878   0.35112   0.01325   0.32685   bus
   0.30919   0.32982   0.01537   0.34562   opel
   0.34174   0.38114   0.04314   0.23397   saab
   0.50587   0.17930   0.00913   0.30570   opel
   0.31183   0.32700   0.01282   0.34835   bus
   0.25142   0.22480   0.12915   0.39463   opel
   0.16714   0.61750   0.05441   0.16094   opel
   0.32176   0.32866   0.01124   0.33834   bus
   0.49884   0.19065   0.02541   0.28510   opel
   0.26777   0.31771   0.02285   0.39167   saab
   0.29699   0.34161   0.01646   0.34495   saab
   0.25853   0.49538   0.04030   0.20579   opel
   0.27144   0.26214   0.05352   0.41291   bus
   0.41055   0.29969   0.01390   0.27585   opel
   0.32780   0.30552   0.01758   0.34910   bus
   0.13029   0.61913   0.12422   0.12636   opel
   0.00000   0.00000   1.00000   0.00000   bus
   0.28238   0.39112   0.01626   0.31024   van
   0.37774   0.27201   0.01417   0.33608   van
   0.27976   0.34647   0.01631   0.35746   bus
   0.28470   0.25350   0.06953   0.39228   bus
   0.28244   0.27812   0.03532   0.40412   bus
   0.07988   0.08980   0.69903   0.13129   bus
   0.32250   0.34886   0.01956   0.30907   van
   0.33997   0.30891   0.01067   0.34045   bus
   0.67983   0.08558   0.00636   0.22823   saab
   0.23654   0.50704   0.02979   0.22664   opel
   0.36110   0.30090   0.01713   0.32086   van
   0.33089   0.30539   0.01719   0.34653   van
   0.45185   0.20115   0.04083   0.30617   saab
   0.44799   0.25416   0.01707   0.28078   saab
   0.23776   0.47089   0.02680   0.26455   van
   0.30768   0.30013   0.02140   0.37079   bus
   0.36561   0.26916   0.02454   0.34069   van
   0.29387   0.38706   0.02487   0.29420   saab
   0.30833   0.32969   0.01327   0.34871   bus
   0.39181   0.25660   0.01662   0.33498   van
   0.24877   0.23057   0.17074   0.34992   saab
   0.37825   0.29969   0.02510   0.29697   opel
   0.28228   0.31763   0.01732   0.38277   bus
   0.28512   0.35863   0.02221   0.33403   saab
   0.41688   0.23902   0.00965   0.33446   van
   0.30442   0.36721   0.01016   0.31820   bus
   0.35953   0.31407   0.02201   0.30439   van
   0.40752   0.23811   0.02108   0.33329   opel
   0.34538   0.30830   0.01032   0.33600   bus
   0.40311   0.25233   0.01050   0.33406   saab
   0.36320   0.27696   0.01693   0.34291   bus
   0.32890   0.31203   0.01207   0.34700   bus
   0.33409   0.28136   0.04326   0.34129   opel
   0.38970   0.26715   0.01356   0.32959   van
   0.27822   0.24790   0.11196   0.36192   bus
   0.03448   0.03940   0.84952   0.07659   bus
   0.29555   0.28973   0.03559   0.37914   saab
   0.41348   0.23950   0.01274   0.33427   saab
   0.32981   0.31221   0.03499   0.32299   van
   0.20006   0.57075   0.03976   0.18942   saab
   0.29987   0.34595   0.02426   0.32992   opel
   0.24912   0.48762   0.01423   0.24903   opel
   0.30877   0.34224   0.02530   0.32369   saab
   0.33788   0.30711   0.01418   0.34083   bus
   0.32710   0.29780   0.02092   0.35419   van
   0.28787   0.29817   0.03310   0.38086   saab
   0.22458   0.53290   0.02526   0.21726   saab
   0.26960   0.41664   0.03105   0.28272   van
   0.32595   0.32181   0.01590   0.33634   bus
   0.32080   0.32502   0.01206   0.34212   opel
   0.20265   0.18435   0.26849   0.34452   bus
   0.18428   0.59213   0.05777   0.16583   opel
   0.43247   0.23319   0.01048   0.32386   saab
   0.28973   0.27968   0.04613   0.38447   bus
   0.32750   0.31733   0.01352   0.34165   bus
   0.29591   0.32319   0.05388   0.32701   saab
   0.50231   0.18572   0.01075   0.30122   van
   0.38981   0.24483   0.03098   0.33439   opel
   0.49204   0.18377   0.01349   0.31070   saab
   0.37270   0.26675   0.02805   0.33250   opel
   0.26374   0.26056   0.06862   0.40708   bus
   0.30815   0.33759   0.01316   0.34109   van
   0.29585   0.34576   0.03180   0.32659   opel
   0.33352   0.31020   0.01366   0.34262   bus
   0.25060   0.48069   0.03080   0.23791   opel
   0.31974   0.28121   0.02897   0.37008   saab
   0.22988   0.51687   0.02500   0.22826   opel
   0.34010   0.29725   0.01488   0.34777   bus
   0.33179   0.31749   0.01013   0.34059   van
   0.38999   0.24718   0.03048   0.33236   saab
   0.31048   0.29395   0.07843   0.31714   saab
   0.02422   0.04803   0.88040   0.04735   bus
   0.27174   0.33011   0.02927   0.36888   saab
   0.39024   0.28358   0.01972   0.30646   van
   0.33039   0.31666   0.01775   0.33519   bus
   0.00000   0.00000   1.00000   0.00000   van
   0.31214   0.29313   0.03012   0.36461   saab
   0.32337   0.31646   0.01251   0.34766   bus
   0.29445   0.38726   0.01348   0.30480   van
   0.21194   0.55071   0.02191   0.21544   opel
   0.37623   0.26292   0.01640   0.34445   bus
   0.37833   0.28137   0.01194   0.32837   opel
   0.35409   0.29840   0.01070   0.33681   bus
   0.29585   0.34576   0.03180   0.32659   opel
   0.31031   0.34440   0.01654   0.32875   bus
   0.54371   0.15668   0.00869   0.29092   opel
   0.47361   0.20114   0.01233   0.31292   saab
   0.21402   0.28878   0.26148   0.23572   saab
   0.23504   0.50913   0.01298   0.24284   opel
   0.00000   0.00000   1.00000   0.00000   bus
   0.28330   0.33765   0.06834   0.31071   opel
   0.22412   0.24353   0.18148   0.35087   opel
   0.28748   0.39517   0.01468   0.30268   opel
   0.33039   0.31666   0.01775   0.33519   bus
   0.37362   0.27489   0.00916   0.34233   van
   0.25918   0.41955   0.02773   0.29354   saab
   0.28681   0.34625   0.01488   0.35206   bus
   0.29287   0.33387   0.02563   0.34763   saab
   0.32112   0.33331   0.02401   0.32156   van
   0.16418   0.14456   0.42989   0.26137   bus
   0.28352   0.36610   0.04076   0.30962   van
   0.32417   0.32813   0.01832   0.32939   bus
   0.34770   0.27812   0.04424   0.32995   van
   0.23544   0.49296   0.02180   0.24981   saab
   0.22187   0.28127   0.18914   0.30772   bus
   0.34737   0.29905   0.01705   0.33652   van
   0.31872   0.32991   0.01186   0.33951   bus
   0.38176   0.26606   0.01177   0.34041   bus
   0.34098   0.29862   0.01194   0.34846   bus
   0.40785   0.22765   0.02340   0.34110   opel
   0.45726   0.21295   0.05249   0.27730   saab
   0.30991   0.33778   0.01291   0.33941   van
   0.28027   0.35586   0.06744   0.29642   van
   0.33130   0.26837   0.03080   0.36953   saab
   0.34738   0.35668   0.01976   0.27617   opel
   0.27565   0.37990   0.01959   0.32486   van
   0.33435   0.30788   0.01784   0.33993   van
   0.62527   0.14048   0.02415   0.21010   saab
   0.33547   0.29521   0.01342   0.35590   saab
   0.46073   0.22733   0.01300   0.29894   saab
   0.30883   0.38481   0.02505   0.28132   saab
   0.32678   0.31874   0.01357   0.34090   bus
   0.27531   0.29368   0.02568   0.40533   opel
   0.27920   0.32629   0.01932   0.37518   saab
   0.32716   0.31365   0.01374   0.34545   bus
   0.31797   0.38983   0.05636   0.23584   opel
   0.39924   0.23696   0.03699   0.32682   opel
   0.29356   0.34007   0.02367   0.34270   saab
   0.38507   0.27438   0.01569   0.32486   opel
   0.23342   0.51540   0.02124   0.22994   opel
   0.33836   0.32456   0.04912   0.28797   saab
   0.27225   0.42356   0.01967   0.28452   opel
   0.30373   0.37498   0.01357   0.30772   van
   0.00000   0.00000   1.00000   0.00000   bus
   0.32815   0.24017   0.06988   0.36181   opel
   0.34189   0.33288   0.01960   0.30564   van
   0.35451   0.29905   0.01129   0.33516   bus
   0.09206   0.18307   0.56897   0.15589   bus
   0.43379   0.25191   0.02631   0.28799   saab
   0.29930   0.32008   0.02015   0.36047   bus
   0.26674   0.36813   0.03995   0.32518   saab
   0.30291   0.30782   0.05027   0.33900   bus
   0.29355   0.42641   0.03571   0.24432   opel
   0.44869   0.20548   0.03336   0.31247   opel
   0.33414   0.30850   0.01449   0.34287   van
   0.29333   0.33642   0.01486   0.35539   opel
   0.43861   0.23779   0.01642   0.30718   van
   0.33213   0.32112   0.01103   0.33571   bus
   0.30917   0.34711   0.01219   0.33153   bus
   0.23781   0.46677   0.03264   0.26278   van
   0.32442   0.31356   0.01230   0.34972   bus
   0.62613   0.10706   0.00648   0.26033   opel
   0.40759   0.24371   0.01133   0.33736   opel
   0.35064   0.29124   0.01356   0.34457   bus
   0.44838   0.20584   0.04489   0.30089   saab
   0.35075   0.28938   0.02263   0.33724   van
   0.31084   0.34356   0.01342   0.33218   bus
   0.61278   0.13063   0.02164   0.23495   saab
   0.28805   0.41150   0.02664   0.27380   opel
   0.18263   0.20645   0.41655   0.19438   opel
   0.29410   0.38179   0.01217   0.31193   van
   0.39286   0.32451   0.03584   0.24680   saab
   0.29806   0.33909   0.02459   0.33825   van
   0.35596   0.27600   0.01710   0.35094   bus
   0.28834   0.33253   0.02073   0.35839   opel
   0.35378   0.27883   0.01269   0.35470   saab
   0.32679   0.31722   0.02022   0.33577   saab
   0.30832   0.35622   0.01031   0.32515   van
   0.31640   0.33028   0.02099   0.33234   opel
   0.04602   0.03935   0.81606   0.09857   bus
   0.29742   0.30808   0.01353   0.38097   saab
   0.26802   0.41612   0.03039   0.28547   van
   0.29311   0.38935   0.01218   0.30537   van
   0.25187   0.36924   0.03891   0.33997   saab
   0.31667   0.31642   0.01687   0.35004   bus
   0.49334   0.18295   0.01806   0.30565   saab
   0.51458   0.18059   0.01156   0.29327   van
   0.31215   0.35122   0.01015   0.32648   van
   0.24050   0.24959   0.09847   0.41145   bus
   0.00000   0.00000   1.00000   0.00000   bus
   0.24513   0.48747   0.01743   0.24997   opel
   0.24613   0.45991   0.02630   0.26766   van
   0.30592   0.32413   0.01370   0.35625   bus
   0.28427   0.33984   0.01723   0.35867   van
   0.29367   0.35924   0.02373   0.32335   opel
   0.34417   0.29106   0.02794   0.33683   van
   0.36940   0.28046   0.01067   0.33947   bus
   0.50459   0.19145   0.01959   0.28437   van
   0.29815   0.37750   0.01714   0.30721   saab
   0.24360   0.43592   0.04184   0.27864   opel
   0.22854   0.48238   0.04262   0.24646   saab
   0.41920   0.22734   0.01902   0.33445   saab
   0.38872   0.27909   0.02657   0.30562   van
   0.39002   0.25400   0.01330   0.34268   saab
   0.37330   0.27363   0.01151   0.34156   opel
